0 99 0 1 0
1 98.0864 0.863706 0.905724 0.144192
2 97.2254 1.57237 0.920792 0.28139
3 96.3259 2.23137 1.01674 0.425983
4 95.3202 2.91077 1.17993 0.589084
5 94.1528 3.66084 1.40602 0.780377
6 92.7732 4.52075 1.69677 1.00928
7 91.1328 5.52338 2.05804 1.28573
8 89.1833 6.69742 2.49857 1.62068
9 86.8769 8.06756 3.02907 2.02648
10 84.1683 9.65321 3.66135 2.51711
11 81.0186 11.4659 4.40735 3.10821
12 77.3995 13.5055 5.27796 3.81705
13 73.3003 15.7561 6.28142 4.66222
14 68.7338 18.1816 7.42154 5.66305
15 63.7431 20.7224 8.69568 6.83881
16 58.4044 23.2953 10.0927 8.20755
17 52.8276 25.7961 11.5917 9.78467
18 47.1502 28.1075 13.1609 11.5814
19 41.5266 30.1112 14.759 13.6033
20 36.1123 31.7021 16.3369 15.8488
21 31.0477 32.8022 17.8415 18.3086
22 26.4433 33.3707 19.2207 20.9652
23 22.3705 33.4079 20.4277 23.7939
24 18.8598 32.9516 21.425 26.7636
25 15.9042 32.0694 22.1878 29.8386
26 13.4685 30.8461 22.7044 32.9809
27 11.499 29.373 22.9757 36.1522
28 9.93319 27.7376 23.0138 39.3154
29 8.7076 26.0172 22.8389 42.4363
30 7.76284 24.2756 22.4769 45.4847
31 7.04648 22.562 21.9568 48.4348
32 6.51411 20.912 21.3082 51.2657
33 6.12922 19.3495 20.5601 53.9612
34 5.86249 17.8889 19.7392 56.5094
35 5.69072 16.5371 18.8696 58.9026
36 5.59572 15.2957 17.9721 61.1365
37 5.56333 14.1624 17.0645 63.2098
38 5.58253 13.1326 16.1612 65.1237
39 5.64475 12.1999 15.274 66.8813
40 5.7433 11.3572 14.412 68.4875
41 5.87288 10.5971 13.5818 69.9482
42 6.0293 9.91222 12.7885 71.27
43 6.20917 9.29541 12.0352 72.4602
44 6.40971 8.73995 11.3239 73.5265
45 6.62861 8.23962 10.6553 74.4765
46 6.86394 7.7887 10.0293 75.318
47 7.114 7.38203 9.44538 76.0586
48 7.37731 7.01494 8.90222 76.7055
49 7.65254 6.68326 8.39827 77.2659
50 7.93851 6.38327 7.93174 77.7465
51 8.2341 6.11168 7.50064 78.1536
52 8.53828 5.86556 7.10292 78.4932
53 8.85008 5.64234 6.73652 78.7711
54 9.1686 5.43975 6.39936 78.9923
55 9.49296 5.25579 6.08944 79.1618
56 9.82234 5.08868 5.80481 79.2842
57 10.1559 4.93688 5.54363 79.3636
58 10.493 4.79903 5.30414 79.4039
59 10.8327 4.67391 5.08471 79.4087
60 11.1744 4.56046 4.8838 79.3813
61 11.5175 4.45776 4.7 79.3247
62 11.8612 4.36496 4.53197 79.2418
63 12.205 4.28133 4.37851 79.1352
64 12.5481 4.20623 4.2385 79.0071
65 12.8901 4.13907 4.11092 78.8599
66 13.2303 4.07934 3.99484 78.6955
67 13.5683 4.02658 3.88939 78.5158
68 13.9034 3.98037 3.79382 78.3224
69 14.2351 3.94036 3.7074 78.1171
70 14.563 3.9062 3.62949 77.9013
71 14.8866 3.87761 3.55951 77.6763
72 15.2053 3.85431 3.49693 77.4434
73 15.5189 3.83607 3.44126 77.2038
74 15.8267 3.82266 3.39207 76.9586
75 16.1285 3.81388 3.34895 76.7087
76 16.4238 3.80956 3.31156 76.4551
77 16.7121 3.80952 3.27956 76.1988
78 16.9932 3.81361 3.25265 75.9405
79 17.2667 3.8217 3.23057 75.6811
80 17.5321 3.83364 3.21306 75.4212
81 17.7893 3.84932 3.19991 75.1615
82 18.0378 3.86861 3.1909 74.9027
83 18.2773 3.89141 3.18584 74.6454
84 18.5076 3.91761 3.18457 74.3903
85 18.7283 3.9471 3.18693 74.1377
86 18.9392 3.97979 3.19276 73.8883
87 19.1401 4.01556 3.20192 73.6425
88 19.3306 4.05432 3.21429 73.4008
89 19.5107 4.09597 3.22973 73.1636
90 19.6801 4.1404 3.24815 72.9314
91 19.8386 4.18749 3.26941 72.7045
92 19.986 4.23715 3.29342 72.4834
93 20.1224 4.28925 3.32006 72.2683
94 20.2474 4.34367 3.34922 72.0597
95 20.3611 4.40028 3.38082 71.8578
96 20.4634 4.45895 3.41473 71.6629
97 20.5543 4.51954 3.45086 71.4753
98 20.6337 4.5819 3.48909 71.2953
99 20.7018 4.64587 3.52931 71.123
100 20.7585 4.71129 3.57142 70.9588
