0,99,0,1,0
0.3,98.7135,0.283773,0.957701,0.045058
0.6,98.4392,0.544433,0.928038,0.0883289
0.9,98.1736,0.786474,0.909591,0.130367
1.2,97.9134,1.01379,0.901175,0.171664
1.5,97.6558,1.22976,0.901803,0.212661
1.8,97.3982,1.43735,0.910656,0.253758
2.1,97.1385,1.63914,0.927065,0.295315
2.4,96.8744,1.83742,0.950488,0.337668
2.7,96.6042,2.03423,0.980491,0.381127
3,96.3259,2.23137,1.01674,0.425983
3.3,96.038,2.43047,1.05898,0.472514
3.6,95.739,2.63303,1.10702,0.520987
3.9,95.4272,2.84038,1.16076,0.57166
4.2,95.1013,3.05376,1.22013,0.624788
4.5,94.7599,3.27434,1.28512,0.680622
4.8,94.4016,3.50318,1.35576,0.739414
5.1,94.0252,3.74131,1.43212,0.801417
5.4,93.6291,3.98967,1.51431,0.866888
5.7,93.2122,4.2492,1.60248,0.936087
6,92.7732,4.52075,1.69677,1.00928
6.3,92.3107,4.80518,1.7974,1.08675
6.6,91.8234,5.10328,1.90456,1.16877
6.9,91.31,5.41585,2.01851,1.25564
7.2,90.7692,5.74363,2.13949,1.34766
7.5,90.1998,6.08733,2.26776,1.44515
7.8,89.6003,6.44765,2.40363,1.54844
8.1,88.9695,6.82524,2.54738,1.65785
8.4,88.3062,7.22071,2.69933,1.77375
8.7,87.6091,7.63465,2.85978,1.8965
9,86.8769,8.06756,3.02907,2.02648
9.3,86.1085,8.51992,3.20751,2.16408
9.6,85.3027,8.99213,3.39545,2.30971
9.9,84.4585,9.48454,3.59319,2.46379
10.2,83.5748,9.99739,3.80108,2.62676
10.5,82.6507,10.5308,4.01941,2.79905
10.8,81.6854,11.085,4.24851,2.98114
11.1,80.6781,11.6597,4.48865,3.1735
11.4,79.6283,12.255,4.74011,3.3766
11.7,78.5355,12.8704,5.00314,3.59095
12,77.3995,13.5055,5.27796,3.81705
12.3,76.2201,14.1597,5.56477,4.05542
12.6,74.9973,14.8324,5.86372,4.30656
12.9,73.7316,15.5224,6.17494,4.57102
13.2,72.4234,16.2288,6.49849,4.84931
13.5,71.0735,16.9501,6.83439,5.14196
13.8,69.6829,17.685,7.1826,5.4495
14.1,68.2529,18.4316,7.54304,5.77245
14.4,66.785,19.1882,7.91553,6.11131
14.7,65.281,19.9526,8.29985,6.46661
15,63.7431,20.7224,8.69568,6.83881
15.3,62.1736,21.4953,9.10265,7.22841
15.6,60.5753,22.2686,9.52028,7.63583
15.9,58.951,23.0394,9.94802,8.06152
16.2,57.304,23.8049,10.3852,8.50587
16.5,55.6377,24.5618,10.8312,8.96924
16.8,53.9557,25.3072,11.2851,9.45196
17.1,52.2619,26.0377,11.7461,9.95432
17.4,50.5603,26.7501,12.2131,10.4766
17.7,48.855,27.4411,12.6851,11.0189
18,47.1502,28.1075,13.1609,11.5814
18.3,45.4503,28.7461,13.6394,12.1643
18.6,43.7594,29.3538,14.1193,12.7675
18.9,42.082,29.9278,14.5992,13.391
19.2,40.4221,30.4653,15.0778,14.0347
19.5,38.7839,30.9639,15.5537,14.6985
19.8,37.1713,31.4211,16.0254,15.3821
20.1,35.588,31.8351,16.4915,16.0854
20.4,34.0375,32.2042,16.9505,16.8078
20.7,32.5231,32.5269,17.401,17.549
21,31.0477,32.8022,17.8415,18.3086
21.3,29.614,33.0294,18.2708,19.0859
21.6,28.2243,33.208,18.6873,19.8804
21.9,26.8806,33.3381,19.0899,20.6914
22.2,25.5846,33.42,19.4773,21.5181
22.5,24.3376,33.4542,19.8483,22.3599
22.8,23.1405,33.4416,20.202,23.2158
23.1,21.994,33.3835,20.5373,24.0851
23.4,20.8984,33.2814,20.8534,24.9668
23.7,19.8538,33.1368,21.1496,25.8599
24,18.8598,32.9516,21.425,26.7636
24.3,17.916,32.7281,21.6793,27.6767
24.6,17.0216,32.4682,21.9119,28.5983
24.9,16.1756,32.1744,22.1225,29.5274
25.2,15.377,31.8491,22.311,30.4629
25.5,14.6245,31.4947,22.4771,31.4037
25.8,13.9165,31.1137,22.6209,32.3489
26.1,13.2516,30.7086,22.7424,33.2974
26.4,12.6282,30.2818,22.8419,34.2481
26.7,12.0446,29.8358,22.9195,35.2
27,11.499,29.373,22.9757,36.1522
27.3,10.9898,28.8957,23.0109,37.1036
27.6,10.5152,28.406,23.0254,38.0534
27.9,10.0734,27.9062,23.02,39.0004
28.2,9.66284,27.3981,22.9951,39.944
28.5,9.28172,26.8837,22.9514,40.8831
28.8,8.92844,26.3649,22.8897,41.817
29.1,8.60141,25.8431,22.8106,42.7448
29.4,8.29911,25.3201,22.715,43.6659
29.7,8.02005,24.7971,22.6034,44.5794
30,7.76284,24.2756,22.4769,45.4847
30.3,7.52613,23.7567,22.3361,46.3811
30.6,7.30865,23.2415,22.1819,47.268
30.9,7.10917,22.731,22.015,48.1448
31.2,6.92657,22.226,21.8364,49.0111
31.5,6.75976,21.7273,21.6467,49.8663
31.8,6.60772,21.2356,21.4468,50.7099
32.1,6.46952,20.7515,21.2374,51.5416
32.4,6.34424,20.2755,21.0194,52.3609
32.7,6.23107,19.808,20.7933,53.1675
33,6.12922,19.3495,20.5601,53.9612
33.3,6.03796,18.9002,20.3203,54.7415
33.6,5.95661,18.4603,20.0747,55.5084
33.9,5.88455,18.0301,19.8239,56.2615
34.2,5.82119,17.6097,19.5685,57.0006
34.5,5.76598,17.1992,19.3091,57.7257
34.8,5.71842,16.7986,19.0464,58.4366
35.1,5.67803,16.408,18.7808,59.1332
35.4,5.64438,16.0273,18.5129,59.8154
35.7,5.61707,15.6566,18.2432,60.4832
36,5.59572,15.2957,17.9721,61.1365
36.3,5.57998,14.9445,17.7002,61.7753
36.6,5.56954,14.603,17.4277,62.3997
36.9,5.56408,14.271,17.1552,63.0097
37.2,5.56334,13.9484,16.883,63.6052
37.5,5.56706,13.6349,16.6115,64.1865
37.8,5.575,13.3306,16.3409,64.7535
38.1,5.58694,13.0351,16.0716,65.3064
38.4,5.60267,12.7482,15.8038,65.8453
38.7,5.622,12.4699,15.5379,66.3702
39,5.64475,12.1999,15.274,66.8813
39.3,5.67077,11.938,15.0124,67.3789
39.6,5.69989,11.6839,14.7533,67.8629
39.9,5.73197,11.4376,14.4968,68.3336
40.2,5.76688,11.1988,14.2432,68.7911
40.5,5.8045,10.9673,13.9926,69.2356
40.8,5.8447,10.7429,13.745,69.6674
41.1,5.88738,10.5254,13.5008,70.0865
41.4,5.93244,10.3145,13.2599,70.4931
41.7,5.97977,10.1102,13.0224,70.8876
42,6.0293,9.91222,12.7885,71.27
42.3,6.08094,9.72034,12.5582,71.6405
42.6,6.1346,9.5344,12.3316,71.9994
42.9,6.19021,9.35422,12.1087,72.3469
43.2,6.2477,9.17961,11.8896,72.6831
43.5,6.307,9.01041,11.6742,73.0083
43.8,6.36806,8.84644,11.4627,73.3228
44.1,6.4308,8.68753,11.2551,73.6266
44.4,6.49518,8.53353,11.0513,73.92
44.7,6.56113,8.38428,10.8513,74.2032
45,6.62861,8.23962,10.6553,74.4765
45.3,6.69757,8.0994,10.463,74.74
45.6,6.76795,7.96348,10.2746,74.994
45.9,6.83972,7.83172,10.09,75.2385
46.2,6.91282,7.70399,9.90921,75.474
46.5,6.98722,7.58014,9.73217,75.7005
46.8,7.06288,7.46006,9.55886,75.9182
47.1,7.13976,7.34361,9.38925,76.1274
47.4,7.21781,7.23069,9.2233,76.3282
47.7,7.297,7.12117,9.06097,76.5209
48,7.37731,7.01494,8.90222,76.7055
48.3,7.45868,6.9119,8.747,76.8824
48.6,7.5411,6.81193,8.59526,77.0517
48.9,7.62452,6.71494,8.44695,77.2136
49.2,7.70892,6.62084,8.30203,77.3682
49.5,7.79426,6.52952,8.16045,77.5158
49.8,7.88051,6.4409,8.02214,77.6564
50.1,7.96765,6.35488,7.88706,77.7904
50.4,8.05565,6.2714,7.75516,77.9178
50.7,8.14447,6.19035,7.62637,78.0388
51,8.2341,6.11168,7.50064,78.1536
51.3,8.32449,6.03529,7.37791,78.2623
51.6,8.41564,5.96112,7.25814,78.3651
51.9,8.5075,5.8891,7.14125,78.4621
52.2,8.60006,5.81916,7.0272,78.5536
52.5,8.69329,5.75124,6.91594,78.6395
52.8,8.78716,5.68527,6.8074,78.7202
53.1,8.88165,5.62119,6.70152,78.7956
53.4,8.97674,5.55895,6.59826,78.8661
53.7,9.0724,5.49849,6.49756,78.9316
54,9.1686,5.43975,6.39936,78.9923
54.3,9.26534,5.38269,6.30362,79.0484
54.6,9.36257,5.32726,6.21027,79.0999
54.9,9.46029,5.2734,6.11926,79.1471
55.2,9.55846,5.22107,6.03055,79.1899
55.5,9.65707,5.17023,5.94408,79.2286
55.8,9.7561,5.12083,5.8598,79.2633
56.1,9.85552,5.07284,5.77767,79.294
56.4,9.95531,5.02621,5.69762,79.3209
56.7,10.0554,4.9809,5.61963,79.344
57,10.1559,4.93688,5.54363,79.3636
57.3,10.2567,4.89412,5.46958,79.3796
57.6,10.3578,4.85258,5.39744,79.3922
57.9,10.4591,4.81222,5.32716,79.4015
58.2,10.5607,4.77302,5.2587,79.4076
58.5,10.6625,4.73495,5.19202,79.4105
58.8,10.7646,4.69797,5.12707,79.4104
59.1,10.8668,4.66205,5.06381,79.4073
59.4,10.9692,4.62718,5.00221,79.4014
59.7,11.0718,4.59333,4.94222,79.3927
60,11.1744,4.56046,4.8838,79.3813
60.3,11.2773,4.52856,4.82693,79.3673
60.6,11.3802,4.49761,4.77155,79.3507
60.9,11.4832,4.46757,4.71764,79.3316
61.2,11.5862,4.43843,4.66517,79.3102
61.5,11.6893,4.41017,4.61409,79.2864
61.8,11.7925,4.38276,4.56437,79.2604
62.1,11.8956,4.35619,4.51598,79.2322
62.4,11.9988,4.33045,4.4689,79.2019
62.7,12.1019,4.3055,4.42308,79.1695
63,12.205,4.28133,4.37851,79.1352
63.3,12.308,4.25794,4.33514,79.0989
63.6,12.411,4.23529,4.29295,79.0608
63.9,12.5139,4.21337,4.25192,79.0208
64.2,12.6167,4.19218,4.21202,78.9792
64.5,12.7193,4.17169,4.17321,78.9358
64.8,12.8218,4.15189,4.13549,78.8908
65.1,12.9242,4.13277,4.09881,78.8442
65.4,13.0265,4.11431,4.06316,78.7961
65.7,13.1285,4.09651,4.02851,78.7465
66,13.2303,4.07934,3.99484,78.6955
66.3,13.332,4.0628,3.96212,78.6431
66.6,13.4334,4.04687,3.93034,78.5894
66.9,13.5346,4.03155,3.89948,78.5344
67.2,13.6355,4.01682,3.86951,78.4781
67.5,13.7362,4.00268,3.84042,78.4207
67.8,13.8366,3.98911,3.81218,78.3621
68.1,13.9367,3.9761,3.78477,78.3024
68.4,14.0365,3.96364,3.75819,78.2417
68.7,14.136,3.95173,3.7324,78.1799
69,14.2351,3.94036,3.7074,78.1171
69.3,14.3339,3.92951,3.68316,78.0534
69.6,14.4323,3.91918,3.65967,77.9888
69.9,14.5304,3.90936,3.63691,77.9233
70.2,14.6281,3.90005,3.61488,77.857
70.5,14.7253,3.89123,3.59354,77.7899
70.8,14.8222,3.8829,3.5729,77.722
71.1,14.9187,3.87505,3.55293,77.6534
71.4,15.0147,3.86767,3.53362,77.584
71.7,15.1102,3.86076,3.51495,77.5141
72,15.2053,3.85431,3.49693,77.4434
72.3,15.3,3.84832,3.47952,77.3722
72.6,15.3941,3.84277,3.46272,77.3004
72.9,15.4878,3.83767,3.44653,77.228
73.2,15.5809,3.83301,3.43091,77.1552
73.5,15.6735,3.82877,3.41588,77.0818
73.8,15.7656,3.82496,3.40141,77.008
74.1,15.8572,3.82158,3.38749,76.9338
74.4,15.9482,3.8186,3.37411,76.8591
74.7,16.0386,3.81604,3.36127,76.7841
75,16.1285,3.81388,3.34895,76.7087
75.3,16.2178,3.81213,3.33715,76.633
75.6,16.3065,3.81076,3.32585,76.5569
75.9,16.3945,3.8098,3.31505,76.4806
76.2,16.482,3.80921,3.30474,76.4041
76.5,16.5688,3.80901,3.2949,76.3273
76.8,16.655,3.80919,3.28554,76.2502
77.1,16.7406,3.80975,3.27664,76.173
77.4,16.8255,3.81067,3.2682,76.0957
77.7,16.9097,3.81196,3.26021,76.0182
78,16.9932,3.81361,3.25265,75.9405
78.3,17.0761,3.81563,3.24553,75.8628
78.6,17.1582,3.81799,3.23884,75.7849
78.9,17.2397,3.82071,3.23257,75.707
79.2,17.3204,3.82378,3.22671,75.6291
79.5,17.4004,3.8272,3.22126,75.5511
79.8,17.4797,3.83095,3.21621,75.4731
80.1,17.5582,3.83504,3.21155,75.3952
80.4,17.636,3.83947,3.20729,75.3172
80.7,17.713,3.84423,3.20341,75.2393
81,17.7893,3.84932,3.19991,75.1615
81.3,17.8648,3.85473,3.19678,75.0837
81.6,17.9394,3.86047,3.19401,75.0061
81.9,18.0133,3.86652,3.19162,74.9285
82.2,18.0864,3.8729,3.18957,74.8511
82.5,18.1587,3.87958,3.18789,74.7739
82.8,18.2301,3.88658,3.18655,74.6968
83.1,18.3007,3.89388,3.18555,74.6198
83.4,18.3705,3.90149,3.18489,74.5431
83.7,18.4395,3.9094,3.18457,74.4666
84,18.5076,3.91761,3.18457,74.3903
84.3,18.5748,3.92612,3.18491,74.3142
84.6,18.6412,3.93492,3.18556,74.2384
84.9,18.7066,3.94401,3.18653,74.1628
85.2,18.7713,3.95339,3.18782,74.0875
85.5,18.835,3.96305,3.18942,74.0126
85.8,18.8978,3.973,3.19132,73.9379
86.1,18.9597,3.98323,3.19352,73.8635
86.4,19.0208,3.99373,3.19603,73.7895
86.7,19.0809,4.00451,3.19883,73.7158
87,19.1401,4.01556,3.20192,73.6425
87.3,19.1983,4.02688,3.2053,73.5695
87.6,19.2556,4.03847,3.20896,73.4969
87.9,19.312,4.05032,3.21291,73.4247
88.2,19.3675,4.06243,3.21713,73.353
88.5,19.422,4.07479,3.22163,73.2816
88.8,19.4755,4.08741,3.2264,73.2107
89.1,19.5281,4.10029,3.23144,73.1402
89.4,19.5797,4.11341,3.23675,73.0701
89.7,19.6304,4.12678,3.24232,73.0005
90,19.6801,4.1404,3.24815,72.9314
90.3,19.7288,4.15425,3.25423,72.8628
90.6,19.7765,4.16834,3.26057,72.7946
90.9,19.8232,4.18267,3.26716,72.727
91.2,19.8689,4.19722,3.274,72.6598
91.5,19.9137,4.21201,3.28108,72.5932
91.8,19.9574,4.22702,3.2884,72.5272
92.1,20.0002,4.24225,3.29596,72.4616
92.4,20.0419,4.2577,3.30376,72.3966
92.7,20.0826,4.27337,3.31179,72.3322
93,20.1224,4.28925,3.32006,72.2683
93.3,20.1611,4.30534,3.32854,72.2051
93.6,20.1987,4.32163,3.33726,72.1424
93.9,20.2354,4.33813,3.3462,72.0803
94.2,20.2711,4.35482,3.35535,72.0188
94.5,20.3057,4.37171,3.36472,71.9579
94.8,20.3393,4.38879,3.37431,71.8976
95.1,20.3719,4.40606,3.38411,71.838
95.4,20.4034,4.42351,3.39411,71.779
95.7,20.4339,4.44115,3.40432,71.7206
96,20.4634,4.45895,3.41473,71.6629
96.3,20.4919,4.47694,3.42534,71.6058
96.6,20.5193,4.49509,3.43615,71.5494
96.9,20.5457,4.5134,3.44715,71.4937
97.2,20.5711,4.53188,3.45834,71.4387
97.5,20.5955,4.55051,3.46971,71.3843
97.8,20.6188,4.56929,3.48128,71.3307
98.1,20.6411,4.58823,3.49302,71.2777
98.4,20.6623,4.6073,3.50494,71.2254
98.7,20.6826,4.62652,3.51704,71.1739
99,20.7018,4.64587,3.52931,71.123
99.3,20.72,4.66535,3.54175,71.0729
99.6,20.7372,4.68496,3.55436,71.0235
99.9,20.7533,4.70469,3.56713,70.9749
100.2,20.7685,4.72453,3.58006,70.927
100.5,20.7826,4.74449,3.59314,70.8798
100.8,20.7957,4.76455,3.60638,70.8334
101.1,20.8078,4.78472,3.61977,70.7877
101.4,20.819,4.80498,3.63331,70.7428
101.7,20.8291,4.82534,3.64698,70.6986
102,20.8382,4.84578,3.6608,70.6552
102.3,20.8463,4.86631,3.67476,70.6126
102.6,20.8535,4.88691,3.68885,70.5708
102.9,20.8597,4.90758,3.70307,70.5297
103.2,20.8649,4.92832,3.71742,70.4894
103.5,20.8691,4.94913,3.73188,70.4499
103.8,20.8724,4.96998,3.74647,70.4112
104.1,20.8747,4.99089,3.76117,70.3733
104.4,20.876,5.01185,3.77599,70.3361
104.7,20.8765,5.03284,3.79091,70.2998
105,20.8759,5.05386,3.80594,70.2643
105.3,20.8745,5.07492,3.82107,70.2295
105.6,20.8721,5.096,3.83629,70.1956
105.9,20.8688,5.11709,3.85161,70.1625
106.2,20.8646,5.1382,3.86701,70.1302
106.5,20.8595,5.15931,3.88251,70.0986
106.8,20.8536,5.18042,3.89808,70.0679
107.1,20.8467,5.20152,3.91373,70.0381
107.4,20.839,5.22261,3.92945,70.009
107.7,20.8303,5.24369,3.94524,69.9807
108,20.8209,5.26474,3.96109,69.9533
108.3,20.8106,5.28576,3.97701,69.9266
108.6,20.7994,5.30675,3.99298,69.9008
108.9,20.7875,5.32769,4.00901,69.8758
109.2,20.7747,5.34859,4.02508,69.8516
109.5,20.7611,5.36943,4.0412,69.8283
109.8,20.7467,5.39021,4.05735,69.8057
110.1,20.7316,5.41093,4.07354,69.7839
110.4,20.7156,5.43157,4.08976,69.763
110.7,20.699,5.45214,4.10601,69.7429
111,20.6815,5.47263,4.12228,69.7236
111.3,20.6633,5.49303,4.13857,69.7051
111.6,20.6444,5.51333,4.15487,69.6874
111.9,20.6248,5.53353,4.17118,69.6705
112.2,20.6045,5.55362,4.18749,69.6544
112.5,20.5835,5.5736,4.2038,69.6391
112.8,20.5618,5.59346,4.22011,69.6246
113.1,20.5395,5.6132,4.23641,69.6109
113.4,20.5165,5.63281,4.25269,69.598
113.7,20.4929,5.65228,4.26896,69.5858
114,20.4687,5.67161,4.2852,69.5745
114.3,20.4438,5.6908,4.30142,69.564
114.6,20.4184,5.70983,4.3176,69.5542
114.9,20.3924,5.7287,4.33375,69.5452
115.2,20.3658,5.74741,4.34986,69.5369
115.5,20.3387,5.76595,4.36592,69.5295
115.8,20.311,5.78432,4.38193,69.5228
116.1,20.2828,5.80251,4.39788,69.5168
116.4,20.2541,5.82051,4.41378,69.5116
116.7,20.2249,5.83832,4.42961,69.5072
117,20.1952,5.85594,4.44538,69.5035
117.3,20.1651,5.87336,4.46107,69.5005
117.6,20.1345,5.89058,4.47669,69.4983
117.9,20.1034,5.90759,4.49223,69.4967
118.2,20.072,5.92438,4.50768,69.4959
118.5,20.0402,5.94096,4.52304,69.4959
118.8,20.0079,5.95731,4.5383,69.4965
119.1,19.9753,5.97344,4.55347,69.4978
119.4,19.9423,5.98933,4.56853,69.4998
119.7,19.909,6.005,4.58349,69.5025
120,19.8754,6.02042,4.59834,69.5059
120.3,19.8414,6.0356,4.61307,69.5099
120.6,19.8071,6.05054,4.62769,69.5146
120.9,19.7726,6.06522,4.64218,69.52
121.2,19.7378,6.07965,4.65654,69.526
121.5,19.7027,6.09383,4.67077,69.5327
121.8,19.6674,6.10774,4.68487,69.54
122.1,19.6319,6.1214,4.69883,69.5479
122.4,19.5961,6.13478,4.71265,69.5564
122.7,19.5602,6.1479,4.72632,69.5656
123,19.5241,6.16075,4.73985,69.5753
123.3,19.4878,6.17333,4.75322,69.5856
123.6,19.4514,6.18562,4.76644,69.5965
123.9,19.4148,6.19764,4.77949,69.608
124.2,19.3782,6.20938,4.79239,69.6201
124.5,19.3414,6.22084,4.80511,69.6327
124.8,19.3045,6.23202,4.81767,69.6458
125.1,19.2675,6.2429,4.83006,69.6595
125.4,19.2305,6.25351,4.84227,69.6737
125.7,19.1934,6.26382,4.85431,69.6884
126,19.1563,6.27384,4.86616,69.7037
126.3,19.1192,6.28357,4.87783,69.7194
126.6,19.0821,6.29301,4.88932,69.7356
126.9,19.0449,6.30216,4.90061,69.7523
127.2,19.0078,6.31102,4.91172,69.7695
127.5,18.9707,6.31958,4.92263,69.7871
127.8,18.9337,6.32785,4.93335,69.8051
128.1,18.8967,6.33582,4.94388,69.8236
128.4,18.8597,6.34351,4.9542,69.8425
128.7,18.8229,6.35089,4.96432,69.8619
129,18.7862,6.35799,4.97424,69.8816
129.3,18.7495,6.36479,4.98395,69.9017
129.6,18.713,6.3713,4.99346,69.9223
129.9,18.6766,6.37751,5.00276,69.9431
130.2,18.6403,6.38344,5.01185,69.9644
130.5,18.6042,6.38907,5.02073,69.986
130.8,18.5683,6.39442,5.0294,70.0079
131.1,18.5325,6.39947,5.03786,70.0302
131.4,18.4969,6.40425,5.0461,70.0528
131.7,18.4615,6.40873,5.05412,70.0757
132,18.4263,6.41294,5.06194,70.0989
132.3,18.3913,6.41686,5.06953,70.1223
132.6,18.3565,6.4205,5.07691,70.1461
132.9,18.322,6.42386,5.08407,70.1701
133.2,18.2877,6.42695,5.09102,70.1943
133.5,18.2536,6.42976,5.09774,70.2189
133.8,18.2199,6.4323,5.10425,70.2436
134.1,18.1863,6.43458,5.11054,70.2685
134.4,18.1531,6.43658,5.11661,70.2937
134.7,18.1201,6.43833,5.12246,70.3191
135,18.0875,6.43981,5.1281,70.3446
135.3,18.0551,6.44103,5.13352,70.3704
135.6,18.023,6.44199,5.13872,70.3963
135.9,17.9913,6.44271,5.1437,70.4223
136.2,17.9598,6.44317,5.14847,70.4485
136.5,17.9287,6.44339,5.15302,70.4749
136.8,17.8979,6.44336,5.15736,70.5014
137.1,17.8675,6.4431,5.16148,70.5279
137.4,17.8374,6.4426,5.16539,70.5546
137.7,17.8076,6.44186,5.16909,70.5814
138,17.7782,6.44089,5.17258,70.6083
138.3,17.7492,6.4397,5.17586,70.6352
138.6,17.7205,6.43828,5.17893,70.6622
138.9,17.6922,6.43665,5.18179,70.6893
139.2,17.6643,6.4348,5.18445,70.7164
139.5,17.6368,6.43274,5.18691,70.7436
139.8,17.6096,6.43047,5.18916,70.7707
140.1,17.5829,6.42799,5.19121,70.7979
140.4,17.5565,6.42532,5.19306,70.8251
140.7,17.5305,6.42245,5.19472,70.8523
141,17.5049,6.41939,5.19618,70.8795
141.3,17.4797,6.41613,5.19745,70.9067
141.6,17.4549,6.4127,5.19852,70.9339
141.9,17.4305,6.40908,5.19941,70.961
142.2,17.4066,6.40529,5.20011,70.988
142.5,17.383,6.40132,5.20062,71.0151
142.8,17.3599,6.39719,5.20095,71.042
143.1,17.3371,6.39289,5.2011,71.0689
143.4,17.3148,6.38844,5.20108,71.0957
143.7,17.2929,6.38382,5.20087,71.1224
144,17.2714,6.37906,5.2005,71.149
144.3,17.2503,6.37415,5.19995,71.1756
144.6,17.2297,6.36909,5.19923,71.202
144.9,17.2095,6.36389,5.19835,71.2283
145.2,17.1897,6.35856,5.19731,71.2544
145.5,17.1703,6.3531,5.1961,71.2805
145.8,17.1513,6.34751,5.19474,71.3064
146.1,17.1328,6.34179,5.19322,71.3322
146.4,17.1147,6.33596,5.19155,71.3578
146.7,17.097,6.33001,5.18973,71.3832
147,17.0797,6.32396,5.18776,71.4085
147.3,17.0629,6.31779,5.18565,71.4337
147.6,17.0465,6.31152,5.1834,71.4586
147.9,17.0305,6.30515,5.18101,71.4834
148.2,17.0149,6.29869,5.17848,71.5079
148.5,16.9997,6.29213,5.17582,71.5323
148.8,16.985,6.28549,5.17303,71.5565
149.1,16.9706,6.27876,5.17011,71.5805
149.4,16.9567,6.27196,5.16707,71.6043
149.7,16.9432,6.26508,5.1639,71.6278
150,16.9301,6.25812,5.16062,71.6512
150.3,16.9174,6.2511,5.15723,71.6743
150.6,16.9051,6.24401,5.15372,71.6972
150.9,16.8932,6.23686,5.1501,71.7198
151.2,16.8817,6.22965,5.14637,71.7423
151.5,16.8706,6.22239,5.14254,71.7644
151.8,16.86,6.21507,5.13861,71.7864
152.1,16.8497,6.20771,5.13458,71.808
152.4,16.8398,6.20031,5.13046,71.8295
152.7,16.8302,6.19286,5.12625,71.8506
153,16.8211,6.18538,5.12194,71.8716
153.3,16.8124,6.17786,5.11755,71.8922
153.6,16.804,6.17031,5.11308,71.9126
153.9,16.796,6.16274,5.10852,71.9327
154.2,16.7884,6.15514,5.10389,71.9526
154.5,16.7812,6.14751,5.09918,71.9721
154.8,16.7743,6.13987,5.0944,71.9914
155.1,16.7678,6.13222,5.08955,72.0104
155.4,16.7617,6.12455,5.08464,72.0292
155.7,16.7559,6.11687,5.07966,72.0476
156,16.7504,6.10918,5.07462,72.0658
156.3,16.7454,6.10149,5.06952,72.0836
156.6,16.7406,6.0938,5.06437,72.1012
156.9,16.7362,6.08611,5.05916,72.1185
157.2,16.7322,6.07842,5.0539,72.1355
157.5,16.7285,6.07074,5.0486,72.1522
157.8,16.7251,6.06307,5.04325,72.1686
158.1,16.722,6.05541,5.03785,72.1847
158.4,16.7193,6.04776,5.03242,72.2005
158.7,16.7169,6.04013,5.02695,72.2161
159,16.7148,6.03252,5.02144,72.2313
159.3,16.713,6.02493,5.01591,72.2462
159.6,16.7115,6.01736,5.01034,72.2608
159.9,16.7103,6.00982,5.00474,72.2751
160.2,16.7095,6.00231,4.99912,72.2891
160.5,16.7089,5.99482,4.99347,72.3028
160.8,16.7086,5.98736,4.98781,72.3162
161.1,16.7086,5.97994,4.98212,72.3293
161.4,16.7089,5.97255,4.97642,72.3422
161.7,16.7094,5.9652,4.97071,72.3547
162,16.7103,5.95789,4.96498,72.3669
162.3,16.7114,5.95062,4.95924,72.3788
162.6,16.7127,5.9434,4.9535,72.3904
162.9,16.7144,5.93621,4.94775,72.4017
163.2,16.7163,5.92907,4.942,72.4127
163.5,16.7184,5.92198,4.93624,72.4234
163.8,16.7208,5.91494,4.93048,72.4338
164.1,16.7234,5.90795,4.92473,72.4439
164.4,16.7263,5.90101,4.91898,72.4537
164.7,16.7294,5.89412,4.91324,72.4632
165,16.7327,5.88729,4.9075,72.4725
165.3,16.7363,5.88051,4.90178,72.4814
165.6,16.7401,5.87379,4.89606,72.49
165.9,16.7441,5.86713,4.89036,72.4984
166.2,16.7483,5.86052,4.88467,72.5065
166.5,16.7528,5.85398,4.879,72.5143
166.8,16.7574,5.8475,4.87335,72.5218
167.1,16.7622,5.84109,4.86771,72.529
167.4,16.7673,5.83473,4.8621,72.5359
167.7,16.7725,5.82844,4.85651,72.5426
168,16.7779,5.82222,4.85095,72.549
168.3,16.7835,5.81606,4.8454,72.5551
168.6,16.7892,5.80998,4.83989,72.5609
168.9,16.7952,5.80396,4.8344,72.5665
169.2,16.8013,5.798,4.82895,72.5717
169.5,16.8076,5.79212,4.82352,72.5768
169.8,16.814,5.78631,4.81813,72.5815
170.1,16.8206,5.78057,4.81277,72.586
170.4,16.8274,5.77491,4.80744,72.5903
170.7,16.8343,5.76931,4.80215,72.5943
171,16.8413,5.76379,4.7969,72.598
171.3,16.8485,5.75834,4.79168,72.6015
171.6,16.8558,5.75297,4.78651,72.6047
171.9,16.8633,5.74767,4.78137,72.6077
172.2,16.8709,5.74245,4.77628,72.6104
172.5,16.8786,5.7373,4.77122,72.6129
172.8,16.8864,5.73223,4.76621,72.6151
173.1,16.8944,5.72723,4.76125,72.6172
173.4,16.9024,5.72232,4.75633,72.6189
173.7,16.9106,5.71748,4.75145,72.6205
174,16.9189,5.71271,4.74662,72.6218
174.3,16.9272,5.70803,4.74184,72.6229
174.6,16.9357,5.70342,4.7371,72.6238
174.9,16.9443,5.69889,4.73242,72.6244
175.2,16.9529,5.69444,4.72778,72.6249
175.5,16.9616,5.69007,4.7232,72.6251
175.8,16.9705,5.68577,4.71866,72.6251
176.1,16.9793,5.68156,4.71418,72.6249
176.4,16.9883,5.67742,4.70975,72.6245
176.7,16.9974,5.67336,4.70537,72.6239
177,17.0065,5.66938,4.70104,72.6231
177.3,17.0156,5.66548,4.69677,72.6221
177.6,17.0249,5.66166,4.69255,72.6209
177.9,17.0341,5.65792,4.68839,72.6196
178.2,17.0435,5.65426,4.68428,72.618
178.5,17.0529,5.65067,4.68023,72.6162
178.8,17.0623,5.64717,4.67623,72.6143
179.1,17.0718,5.64374,4.67229,72.6122
179.4,17.0813,5.64039,4.66841,72.6099
179.7,17.0908,5.63712,4.66458,72.6075
180,17.1004,5.63393,4.66081,72.6049
180.3,17.11,5.63081,4.6571,72.6021
180.6,17.1196,5.62778,4.65345,72.5991
180.9,17.1293,5.62482,4.64986,72.596
181.2,17.139,5.62193,4.64632,72.5928
181.5,17.1487,5.61913,4.64284,72.5894
181.8,17.1584,5.6164,4.63942,72.5858
182.1,17.1681,5.61375,4.63606,72.5821
182.4,17.1778,5.61117,4.63276,72.5783
182.7,17.1875,5.60867,4.62952,72.5743
183,17.1973,5.60624,4.62634,72.5702
183.3,17.207,5.60389,4.62321,72.5659
183.6,17.2167,5.60162,4.62015,72.5615
183.9,17.2264,5.59942,4.61715,72.557
184.2,17.2361,5.59729,4.6142,72.5524
184.5,17.2458,5.59524,4.61132,72.5476
184.8,17.2555,5.59325,4.60849,72.5428
185.1,17.2651,5.59135,4.60573,72.5378
185.4,17.2748,5.58951,4.60302,72.5327
185.7,17.2844,5.58775,4.60038,72.5275
186,17.294,5.58605,4.59779,72.5222
186.3,17.3035,5.58443,4.59526,72.5168
186.6,17.3131,5.58288,4.5928,72.5112
186.9,17.3226,5.5814,4.59039,72.5056
187.2,17.332,5.57998,4.58804,72.4999
187.5,17.3415,5.57864,4.58575,72.4942
187.8,17.3508,5.57736,4.58351,72.4883
188.1,17.3602,5.57615,4.58134,72.4823
188.4,17.3695,5.57501,4.57922,72.4763
188.7,17.3787,5.57393,4.57717,72.4702
189,17.3879,5.57292,4.57517,72.464
189.3,17.3971,5.57198,4.57323,72.4577
189.6,17.4062,5.5711,4.57134,72.4514
189.9,17.4152,5.57028,4.56952,72.445
190.2,17.4242,5.56953,4.56775,72.4385
190.5,17.4332,5.56884,4.56603,72.432
190.8,17.442,5.56821,4.56438,72.4254
191.1,17.4508,5.56764,4.56278,72.4187
191.4,17.4596,5.56714,4.56123,72.4121
191.7,17.4683,5.56669,4.55974,72.4053
192,17.4769,5.56631,4.55831,72.3985
192.3,17.4854,5.56598,4.55693,72.3917
192.6,17.4939,5.56571,4.55561,72.3848
192.9,17.5023,5.5655,4.55434,72.3779
193.2,17.5106,5.56534,4.55312,72.3709
193.5,17.5188,5.56525,4.55196,72.364
193.8,17.527,5.5652,4.55085,72.3569
194.1,17.5351,5.56522,4.54979,72.3499
194.4,17.5431,5.56528,4.54879,72.3428
194.7,17.551,5.5654,4.54783,72.3357
195,17.5589,5.56557,4.54693,72.3286
195.3,17.5666,5.56579,4.54608,72.3215
195.6,17.5743,5.56607,4.54528,72.3143
195.9,17.5819,5.56639,4.54453,72.3072
196.2,17.5894,5.56677,4.54383,72.3
196.5,17.5968,5.56719,4.54318,72.2928
196.8,17.6042,5.56766,4.54257,72.2856
197.1,17.6114,5.56818,4.54202,72.2784
197.4,17.6186,5.56875,4.54151,72.2712
197.7,17.6256,5.56936,4.54105,72.264
198,17.6326,5.57002,4.54064,72.2568
198.3,17.6394,5.57072,4.54027,72.2496
198.6,17.6462,5.57146,4.53995,72.2424
198.9,17.6529,5.57225,4.53968,72.2352
199.2,17.6595,5.57308,4.53945,72.228
199.5,17.6659,5.57395,4.53926,72.2209
199.8,17.6723,5.57486,4.53912,72.2137
200.1,17.6786,5.57581,4.53902,72.2066
200.4,17.6848,5.5768,4.53896,72.1995
200.7,17.6909,5.57783,4.53895,72.1924
201,17.6969,5.57889,4.53898,72.1853
201.3,17.7027,5.58,4.53904,72.1782
201.6,17.7085,5.58114,4.53915,72.1712
201.9,17.7142,5.58231,4.5393,72.1642
202.2,17.7198,5.58352,4.53949,72.1572
202.5,17.7252,5.58476,4.53972,72.1503
202.8,17.7306,5.58603,4.53998,72.1434
203.1,17.7359,5.58734,4.54028,72.1365
203.4,17.741,5.58868,4.54062,72.1297
203.7,17.7461,5.59005,4.541,72.1229
204,17.7511,5.59144,4.54141,72.1161
204.3,17.7559,5.59287,4.54186,72.1094
204.6,17.7607,5.59433,4.54234,72.1027
204.9,17.7653,5.59581,4.54286,72.096
205.2,17.7698,5.59732,4.54341,72.0894
205.5,17.7743,5.59885,4.54399,72.0829
205.8,17.7786,5.60041,4.54461,72.0764
206.1,17.7828,5.602,4.54525,72.0699
206.4,17.7869,5.6036,4.54593,72.0635
206.7,17.7909,5.60523,4.54664,72.0572
207,17.7948,5.60689,4.54738,72.0509
207.3,17.7986,5.60856,4.54815,72.0446
207.6,17.8023,5.61026,4.54895,72.0384
207.9,17.8059,5.61197,4.54977,72.0323
208.2,17.8094,5.6137,4.55063,72.0262
208.5,17.8128,5.61546,4.55151,72.0202
208.8,17.8161,5.61723,4.55242,72.0143
209.1,17.8193,5.61901,4.55335,72.0084
209.4,17.8224,5.62082,4.55431,72.0025
209.7,17.8253,5.62263,4.55529,71.9967
210,17.8282,5.62447,4.5563,71.991
210.3,17.831,5.62631,4.55733,71.9854
210.6,17.8337,5.62817,4.55838,71.9798
210.9,17.8362,5.63005,4.55946,71.9743
211.2,17.8387,5.63193,4.56056,71.9688
211.5,17.8411,5.63383,4.56167,71.9634
211.8,17.8433,5.63573,4.56281,71.9581
212.1,17.8455,5.63765,4.56397,71.9529
212.4,17.8476,5.63957,4.56515,71.9477
212.7,17.8496,5.64151,4.56635,71.9426
213,17.8515,5.64345,4.56756,71.9375
213.3,17.8532,5.6454,4.5688,71.9326
213.6,17.8549,5.64735,4.57005,71.9277
213.9,17.8565,5.64931,4.57131,71.9229
214.2,17.858,5.65128,4.5726,71.9181
214.5,17.8594,5.65325,4.5739,71.9134
214.8,17.8607,5.65522,4.57521,71.9088
215.1,17.862,5.6572,4.57653,71.9043
215.4,17.8631,5.65918,4.57787,71.8999
215.7,17.8641,5.66116,4.57923,71.8955
216,17.8651,5.66314,4.58059,71.8912
216.3,17.8659,5.66512,4.58197,71.887
216.6,17.8667,5.66711,4.58336,71.8828
216.9,17.8674,5.66909,4.58476,71.8787
217.2,17.868,5.67107,4.58617,71.8747
217.5,17.8685,5.67305,4.58759,71.8708
217.8,17.869,5.67503,4.58902,71.867
218.1,17.8693,5.677,4.59046,71.8632
218.4,17.8696,5.67898,4.5919,71.8595
218.7,17.8698,5.68094,4.59335,71.8559
219,17.8699,5.68291,4.59482,71.8524
219.3,17.8699,5.68487,4.59628,71.849
219.6,17.8698,5.68682,4.59775,71.8456
219.9,17.8697,5.68877,4.59923,71.8423
220.2,17.8695,5.69071,4.60072,71.8391
220.5,17.8692,5.69264,4.6022,71.8359
220.8,17.8689,5.69457,4.60369,71.8329
221.1,17.8684,5.69648,4.60519,71.8299
221.4,17.8679,5.69839,4.60669,71.827
221.7,17.8673,5.70029,4.60819,71.8242
222,17.8667,5.70218,4.60969,71.8214
222.3,17.866,5.70407,4.61119,71.8188
222.6,17.8652,5.70594,4.6127,71.8162
222.9,17.8644,5.7078,4.61421,71.8136
223.2,17.8634,5.70964,4.61571,71.8112
223.5,17.8625,5.71148,4.61722,71.8088
223.8,17.8614,5.71331,4.61872,71.8066
224.1,17.8603,5.71512,4.62023,71.8043
224.4,17.8591,5.71692,4.62173,71.8022
224.7,17.8579,5.7187,4.62323,71.8002
225,17.8566,5.72048,4.62472,71.7982
225.3,17.8553,5.72223,4.62622,71.7963
225.6,17.8539,5.72398,4.62771,71.7944
225.9,17.8524,5.72571,4.6292,71.7927
226.2,17.8509,5.72742,4.63068,71.791
226.5,17.8493,5.72912,4.63216,71.7894
226.8,17.8477,5.7308,4.63363,71.7878
227.1,17.8461,5.73247,4.6351,71.7864
227.4,17.8443,5.73412,4.63656,71.785
227.7,17.8426,5.73575,4.63802,71.7836
228,17.8408,5.73737,4.63947,71.7824
228.3,17.8389,5.73897,4.64092,71.7812
228.6,17.837,5.74055,4.64235,71.7801
228.9,17.835,5.74212,4.64378,71.7791
229.2,17.8331,5.74366,4.6452,71.7781
229.5,17.831,5.74519,4.64661,71.7772
229.8,17.8289,5.7467,4.64802,71.7763
230.1,17.8268,5.74819,4.64941,71.7756
230.4,17.8247,5.74966,4.6508,71.7749
230.7,17.8225,5.75111,4.65218,71.7742
231,17.8203,5.75255,4.65354,71.7736
231.3,17.818,5.75396,4.6549,71.7731
231.6,17.8157,5.75535,4.65625,71.7727
231.9,17.8134,5.75672,4.65758,71.7723
232.2,17.811,5.75808,4.65891,71.772
232.5,17.8086,5.75941,4.66022,71.7717
232.8,17.8062,5.76072,4.66153,71.7715
233.1,17.8038,5.76201,4.66282,71.7714
233.4,17.8013,5.76328,4.6641,71.7713
233.7,17.7988,5.76453,4.66536,71.7713
234,17.7963,5.76576,4.66662,71.7713
234.3,17.7937,5.76697,4.66786,71.7714
234.6,17.7912,5.76815,4.66909,71.7716
234.9,17.7886,5.76932,4.67031,71.7718
235.2,17.786,5.77046,4.67151,71.7721
235.5,17.7833,5.77158,4.6727,71.7724
235.8,17.7807,5.77268,4.67387,71.7728
236.1,17.778,5.77376,4.67503,71.7732
236.4,17.7753,5.77482,4.67618,71.7737
236.7,17.7727,5.77585,4.67731,71.7742
237,17.7699,5.77686,4.67843,71.7748
237.3,17.7672,5.77785,4.67954,71.7754
237.6,17.7645,5.77882,4.68063,71.7761
237.9,17.7617,5.77977,4.6817,71.7768
238.2,17.759,5.78069,4.68276,71.7776
238.5,17.7562,5.78159,4.68381,71.7784
238.8,17.7534,5.78247,4.68483,71.7792
239.1,17.7507,5.78333,4.68585,71.7802
239.4,17.7479,5.78417,4.68685,71.7811
239.7,17.7451,5.78498,4.68783,71.7821
240,17.7423,5.78578,4.6888,71.7831
240.3,17.7395,5.78655,4.68975,71.7842
240.6,17.7367,5.7873,4.69068,71.7853
240.9,17.7339,5.78802,4.6916,71.7865
241.2,17.7311,5.78873,4.6925,71.7877
241.5,17.7283,5.78941,4.69339,71.7889
241.8,17.7255,5.79007,4.69426,71.7902
242.1,17.7227,5.79071,4.69511,71.7915
242.4,17.7199,5.79133,4.69595,71.7928
242.7,17.7171,5.79193,4.69677,71.7942
243,17.7143,5.79251,4.69758,71.7956
243.3,17.7115,5.79306,4.69836,71.797
243.6,17.7088,5.79359,4.69914,71.7985
243.9,17.706,5.79411,4.69989,71.8
244.2,17.7032,5.7946,4.70063,71.8016
244.5,17.7005,5.79507,4.70135,71.8031
244.8,17.6977,5.79552,4.70206,71.8047
245.1,17.695,5.79595,4.70274,71.8063
245.4,17.6923,5.79636,4.70342,71.808
245.7,17.6895,5.79675,4.70407,71.8096
246,17.6868,5.79711,4.70471,71.8113
246.3,17.6842,5.79746,4.70533,71.8131
246.6,17.6815,5.79779,4.70594,71.8148
246.9,17.6788,5.7981,4.70652,71.8166
247.2,17.6762,5.79839,4.7071,71.8183
247.5,17.6735,5.79866,4.70765,71.8201
247.8,17.6709,5.79891,4.70819,71.822
248.1,17.6683,5.79914,4.70871,71.8238
248.4,17.6657,5.79935,4.70922,71.8257
248.7,17.6632,5.79955,4.70971,71.8276
249,17.6606,5.79972,4.71018,71.8295
249.3,17.6581,5.79988,4.71064,71.8314
249.6,17.6556,5.80002,4.71108,71.8333
249.9,17.6531,5.80014,4.71151,71.8352
250.2,17.6506,5.80024,4.71191,71.8372
250.5,17.6482,5.80033,4.71231,71.8392
250.8,17.6458,5.8004,4.71268,71.8411
251.1,17.6434,5.80045,4.71305,71.8431
251.4,17.641,5.80048,4.71339,71.8451
251.7,17.6386,5.8005,4.71372,71.8471
252,17.6363,5.8005,4.71404,71.8492
252.3,17.634,5.80049,4.71434,71.8512
252.6,17.6317,5.80046,4.71462,71.8532
252.9,17.6294,5.80041,4.71489,71.8553
253.2,17.6272,5.80035,4.71514,71.8573
253.5,17.625,5.80027,4.71538,71.8594
253.8,17.6228,5.80017,4.71561,71.8614
254.1,17.6206,5.80007,4.71582,71.8635
254.4,17.6185,5.79994,4.71601,71.8655
254.7,17.6164,5.79981,4.71619,71.8676
255,17.6143,5.79965,4.71636,71.8697
255.3,17.6123,5.79949,4.71651,71.8718
255.6,17.6102,5.79931,4.71665,71.8738
255.9,17.6082,5.79911,4.71677,71.8759
256.2,17.6063,5.79891,4.71688,71.878
256.5,17.6043,5.79869,4.71698,71.88
256.8,17.6024,5.79846,4.71706,71.8821
257.1,17.6005,5.79821,4.71713,71.8842
257.4,17.5986,5.79795,4.71719,71.8862
257.7,17.5968,5.79768,4.71723,71.8883
258,17.595,5.7974,4.71726,71.8903
258.3,17.5932,5.79711,4.71728,71.8924
258.6,17.5915,5.7968,4.71729,71.8944
258.9,17.5898,5.79649,4.71728,71.8964
259.2,17.5881,5.79616,4.71726,71.8985
259.5,17.5865,5.79582,4.71723,71.9005
259.8,17.5848,5.79548,4.71719,71.9025
260.1,17.5832,5.79512,4.71713,71.9045
260.4,17.5817,5.79475,4.71707,71.9065
260.7,17.5801,5.79437,4.71699,71.9085
261,17.5786,5.79399,4.7169,71.9105
261.3,17.5772,5.79359,4.7168,71.9124
261.6,17.5757,5.79319,4.71669,71.9144
261.9,17.5743,5.79277,4.71657,71.9163
262.2,17.5729,5.79235,4.71644,71.9183
262.5,17.5716,5.79192,4.71629,71.9202
262.8,17.5703,5.79148,4.71614,71.9221
263.1,17.569,5.79104,4.71598,71.924
263.4,17.5677,5.79058,4.71581,71.9259
263.7,17.5665,5.79012,4.71563,71.9277
264,17.5653,5.78966,4.71544,71.9296
264.3,17.5641,5.78918,4.71524,71.9314
264.6,17.563,5.7887,4.71503,71.9333
264.9,17.5619,5.78821,4.71481,71.9351
265.2,17.5608,5.78772,4.71458,71.9369
265.5,17.5598,5.78722,4.71435,71.9386
265.8,17.5588,5.78672,4.7141,71.9404
266.1,17.5578,5.78621,4.71385,71.9421
266.4,17.5568,5.78569,4.71359,71.9439
266.7,17.5559,5.78517,4.71332,71.9456
267,17.555,5.78465,4.71305,71.9473
267.3,17.5542,5.78412,4.71277,71.9489
267.6,17.5533,5.78359,4.71248,71.9506
267.9,17.5525,5.78305,4.71218,71.9522
268.2,17.5518,5.78251,4.71188,71.9539
268.5,17.551,5.78196,4.71157,71.9555
268.8,17.5503,5.78142,4.71125,71.957
269.1,17.5496,5.78087,4.71093,71.9586
269.4,17.5489,5.78031,4.7106,71.9601
269.7,17.5483,5.77976,4.71027,71.9617
270,17.5477,5.7792,4.70993,71.9632
270.3,17.5471,5.77863,4.70958,71.9647
270.6,17.5466,5.77807,4.70923,71.9661
270.9,17.5461,5.77751,4.70887,71.9676
271.2,17.5456,5.77694,4.70851,71.969
271.5,17.5451,5.77637,4.70814,71.9704
271.8,17.5447,5.7758,4.70777,71.9717
272.1,17.5443,5.77523,4.7074,71.9731
272.4,17.5439,5.77466,4.70702,71.9744
272.7,17.5435,5.77409,4.70664,71.9758
273,17.5432,5.77351,4.70625,71.977
273.3,17.5429,5.77294,4.70586,71.9783
273.6,17.5426,5.77237,4.70546,71.9796
273.9,17.5424,5.77179,4.70506,71.9808
274.2,17.5421,5.77122,4.70466,71.982
274.5,17.5419,5.77065,4.70426,71.9832
274.8,17.5418,5.77007,4.70385,71.9843
275.1,17.5416,5.7695,4.70344,71.9855
275.4,17.5415,5.76893,4.70302,71.9866
275.7,17.5414,5.76836,4.70261,71.9877
276,17.5413,5.76779,4.70219,71.9887
276.3,17.5412,5.76723,4.70177,71.9898
276.6,17.5412,5.76666,4.70135,71.9908
276.9,17.5412,5.7661,4.70092,71.9918
277.2,17.5412,5.76553,4.7005,71.9928
277.5,17.5412,5.76497,4.70007,71.9937
277.8,17.5413,5.76442,4.69964,71.9947
278.1,17.5413,5.76386,4.69921,71.9956
278.4,17.5414,5.76331,4.69878,71.9965
278.7,17.5415,5.76276,4.69835,71.9973
279,17.5417,5.76221,4.69792,71.9982
279.3,17.5418,5.76166,4.69749,71.999
279.6,17.542,5.76112,4.69705,71.9998
279.9,17.5422,5.76058,4.69662,72.0006
280.2,17.5424,5.76005,4.69619,72.0013
280.5,17.5427,5.75951,4.69575,72.0021
280.8,17.5429,5.75898,4.69532,72.0028
281.1,17.5432,5.75846,4.69489,72.0035
281.4,17.5435,5.75794,4.69445,72.0041
281.7,17.5438,5.75742,4.69402,72.0048
282,17.5441,5.7569,4.69359,72.0054
282.3,17.5444,5.75639,4.69316,72.006
282.6,17.5448,5.75589,4.69273,72.0066
282.9,17.5452,5.75538,4.6923,72.0071
283.2,17.5456,5.75489,4.69187,72.0077
283.5,17.546,5.75439,4.69144,72.0082
283.8,17.5464,5.7539,4.69101,72.0087
284.1,17.5468,5.75342,4.69059,72.0092
284.4,17.5473,5.75294,4.69017,72.0096
284.7,17.5478,5.75247,4.68975,72.01
285,17.5482,5.752,4.68933,72.0104
285.3,17.5487,5.75153,4.68891,72.0108
285.6,17.5492,5.75107,4.68849,72.0112
285.9,17.5498,5.75061,4.68808,72.0115
286.2,17.5503,5.75016,4.68767,72.0119
286.5,17.5508,5.74972,4.68726,72.0122
286.8,17.5514,5.74928,4.68685,72.0125
287.1,17.552,5.74885,4.68645,72.0127
287.4,17.5525,5.74842,4.68605,72.013
287.7,17.5531,5.748,4.68565,72.0132
288,17.5537,5.74758,4.68525,72.0134
288.3,17.5544,5.74717,4.68486,72.0136
288.6,17.555,5.74676,4.68447,72.0138
288.9,17.5556,5.74636,4.68408,72.014
289.2,17.5562,5.74596,4.68369,72.0141
289.5,17.5569,5.74557,4.68331,72.0142
289.8,17.5576,5.74519,4.68293,72.0143
290.1,17.5582,5.74481,4.68256,72.0144
290.4,17.5589,5.74444,4.68219,72.0145
290.7,17.5596,5.74408,4.68182,72.0145
291,17.5603,5.74372,4.68145,72.0145
291.3,17.561,5.74336,4.68109,72.0146
291.6,17.5617,5.74301,4.68074,72.0146
291.9,17.5624,5.74267,4.68038,72.0145
292.2,17.5631,5.74234,4.68003,72.0145
292.5,17.5638,5.74201,4.67969,72.0145
292.8,17.5646,5.74168,4.67934,72.0144
293.1,17.5653,5.74137,4.67901,72.0143
293.4,17.5661,5.74106,4.67867,72.0142
293.7,17.5668,5.74075,4.67834,72.0141
294,17.5676,5.74045,4.67801,72.014
294.3,17.5683,5.74016,4.67769,72.0138
294.6,17.5691,5.73987,4.67737,72.0137
294.9,17.5698,5.73959,4.67706,72.0135
295.2,17.5706,5.73932,4.67675,72.0133
295.5,17.5714,5.73905,4.67645,72.0131
295.8,17.5721,5.73879,4.67614,72.0129
296.1,17.5729,5.73854,4.67585,72.0127
296.4,17.5737,5.73829,4.67556,72.0125
296.7,17.5745,5.73804,4.67527,72.0122
297,17.5753,5.73781,4.67498,72.012
297.3,17.576,5.73758,4.67471,72.0117
297.6,17.5768,5.73735,4.67443,72.0114
297.9,17.5776,5.73713,4.67416,72.0111
298.2,17.5784,5.73692,4.6739,72.0108
298.5,17.5792,5.73672,4.67363,72.0105
298.8,17.58,5.73652,4.67338,72.0101
299.1,17.5808,5.73632,4.67313,72.0098
299.4,17.5815,5.73614,4.67288,72.0094
299.7,17.5823,5.73595,4.67264,72.0091
300,17.5831,5.73578,4.6724,72.0087
