0,99,1,0,0
1,99,1,0,0
2,99,1,0,0
3,99,1,0,0
4,99,1,1.22125e-15,0
5,99,1,3.20007e-10,0
6,99,0.999999,1.48153e-06,0
7,99,0.999571,0.000430373,0
8,98.9996,0.983324,0.0171083,1.49144e-30
9,98.9824,0.859344,0.158221,7.81612e-25
10,98.8237,0.663028,0.513299,1.06022e-19
11,98.3096,0.848696,0.841721,9.49142e-16
12,97.4726,1.55523,0.972136,2.46946e-12
13,96.5152,2.4875,0.99725,1.2837e-09
14,95.543,3.45716,0.999839,2.34729e-07
15,94.5781,4.42192,0.999979,1.4959e-05
16,93.6232,5.37683,0.9996,0.000415209
17,92.6825,6.31704,0.995003,0.0054277
18,91.7807,7.21345,0.968405,0.0374665
19,90.9849,7.97171,0.894689,0.148745
20,90.3653,8.44224,0.820519,0.371886
21,89.8604,8.5758,0.92106,0.642764
22,89.2072,8.59005,1.3523,0.850414
23,88.0718,8.88589,2.08766,0.954647
24,86.228,9.79507,2.98689,0.990034
25,83.6081,11.455,3.9385,0.998408
26,80.2508,13.8551,4.8941,0.999991
27,76.2469,16.9178,5.8336,1.00178
28,71.7199,20.5412,6.72701,1.01181
29,66.8347,24.6022,7.50854,1.05448
30,61.8106,28.9185,8.087,1.18386
31,56.8974,33.208,8.42028,1.47427
32,52.2919,37.1204,8.60971,1.97797
33,48.0449,40.3608,8.90779,2.6865
34,44.0383,42.8128,9.60992,3.53898
35,40.0474,44.5595,10.9286,4.46448
36,35.8439,45.7971,12.9464,5.41257
37,31.2865,46.7168,15.6431,6.35364
38,26.3766,47.4203,18.9396,7.26344
39,21.2746,47.8946,22.718,8.11283
40,16.273,48.0358,26.8123,8.87895
41,11.7247,47.7053,30.989,9.58092
42,7.93333,46.7897,34.9607,10.3163
43,5.05084,45.2376,38.4507,11.2608
44,3.04607,43.0518,41.2829,12.6192
45,1.75705,40.2535,43.4314,14.558
46,0.979223,36.859,44.9982,17.1636
47,0.531782,32.8948,46.1368,20.4366
48,0.28322,28.4384,46.97,24.3085
49,0.148697,23.6546,47.5394,28.6573
50,0.0773914,18.8017,47.801,33.3198
51,0.0402263,14.1962,47.6561,38.1075
52,0.0210822,10.1407,46.9981,42.8401
53,0.011264,6.84434,45.7515,47.3929
54,0.00620409,4.37337,43.8852,51.7353
55,0.0035591,2.65885,41.4004,55.9372
56,0.00214586,1.54899,38.3138,60.135
57,0.00137008,0.871554,34.6566,64.4704
58,0.000931581,0.477123,30.4955,69.0265
59,0.00067656,0.255735,25.9601,73.7835
60,0.000524524,0.134941,21.2569,78.6076
61,0.000432222,0.0704782,16.6529,83.2762
62,0.000375658,0.0366649,12.428,87.5349
63,0.000341009,0.0191401,8.81228,91.1682
64,0.000319986,0.0101058,5.93366,94.0559
65,0.000307445,0.00543544,3.80082,96.1934
66,0.000300122,0.00299316,2.3251,97.6716
67,0.000295945,0.0016909,1.36581,98.6322
68,0.000293616,0.00097871,0.775253,99.2235
69,0.000292343,0.000578042,0.427905,99.5712
70,0.000291661,0.000346233,0.23103,99.7683
71,0.000291299,0.000208804,0.122687,99.8768
72,0.00029111,0.000125853,0.064438,99.9351
73,0.000291011,7.53046e-05,0.0336775,99.966
74,0.000290959,4.44876e-05,0.0176356,99.982
75,0.000290932,2.58502e-05,0.00932186,99.9904
76,0.000290917,1.47436e-05,0.00500841,99.9947
77,0.000290909,8.25083e-06,0.00274965,99.997
78,0.000290904,4.53526e-06,0.00154649,99.9982
79,0.000290902,2.45402e-06,0.000890519,99.9988
80,0.0002909,1.31128e-06,0.000523135,99.9992
81,0.000290899,6.94707e-07,0.000311727,99.9994
82,0.000290899,3.66705e-07,0.000187128,99.9995
83,0.000290898,1.93954e-07,0.000112372,99.9996
84,0.000290898,1.03415e-07,6.70745e-05,99.9996
85,0.000290898,5.59075e-08,3.95889e-05,99.9997
86,0.000290898,3.07809e-08,2.30193e-05,99.9997
87,0.000290898,1.72964e-08,1.31575e-05,99.9997
88,0.000290898,9.91407e-09,7.38819e-06,99.9997
89,0.000290898,5.77871e-09,4.07821e-06,99.9997
90,0.000290898,3.40866e-09,2.21692e-06,99.9997
91,0.000290898,2.02314e-09,1.1901e-06,99.9997
92,0.000290898,1.20134e-09,6.33235e-07,99.9997
93,0.000290898,7.10002e-10,3.3548e-07,99.9997
94,0.000290898,4.15877e-10,1.77903e-07,99.9997
95,0.000290898,2.4067e-10,9.49725e-08,99.9997
96,0.000290898,1.37334e-10,5.13224e-08,99.9997
97,0.000290898,7.72107e-11,2.81992e-08,99.9997
98,0.000290898,4.27793e-11,1.57924e-08,99.9997
99,0.000290898,2.33881e-11,9.0139e-09,99.9997
